"";"X";"V1";"V2";"V3";"V4";"V5";"V6";"V7";"V8";"V9"
"1";1;0;0;0;0;0;0;0;0;2
"2";2;0;0;0;0;0;0;0;0;0
"3";3;0;0;0;0;0;0;0;0;2
"4";4;0;0;0;0;0;0;0;0;1
"5";5;0;0;0;0;0;0;0;0;1
"6";6;0;0;0;0;0;0;0;0;1
"7";7;0;0;0;0;0;0;0;0;1
"8";8;0;0;0;0;0;0;0;0;1
"9";9;0;0;0;0;0;0;0;0;2
"10";10;0;0;0;0;0;0;0;0;1
"11";11;0;0;0;0;0;0;0;0;2
"12";12;0;0;0;0;0;0;0;0;2
"13";13;0;0;0;0;0;0;0;0;1
"14";14;0;0;0;0;0;0;0;0;2
"15";15;0;0;0;0;0;0;0;0;2
"16";16;0;0;0;0;0;0;0;0;2
"17";17;0;0;0;0;0;0;0;0;1
"18";18;0;0;0;0;0;0;0;0;1
"19";19;0;0;0;0;0;0;0;0;1
"20";20;0;0;0;0;0;0;0;0;1
"21";21;0;0;0;0;0;0;0;0;2
"22";22;0;0;0;0;0;0;0;0;2
"23";23;0;0;0;0;0;0;0;0;1
"24";24;0;0;0;0;0;0;0;0;1
"25";25;0;0;0;0;0;0;0;0;1
"26";26;0;0;0;0;0;0;0;0;1
"27";27;0;0;0;0;0;0;0;0;1
"28";28;0;0;0;0;0;0;0;0;1
"29";29;0;0;0;0;0;0;0;0;1
"30";30;0;0;0;0;0;0;0;0;2
"31";31;0;0;0;0;0;0;0;0;0
"32";32;0;0;0;0;0;0;0;0;2
"33";33;0;0;0;0;0;0;0;0;0
"34";34;0;0;0;0;0;0;0;0;0
"35";35;0;0;0;0;0;0;0;0;1
"36";36;0;0;0;0;0;0;0;0;1
"37";37;0;0;0;0;0;0;0;0;1
"38";38;0;0;0;0;0;0;0;0;1
"39";39;0;0;0;0;0;0;0;0;1
"40";40;0;0;0;0;0;0;0;0;1
"41";41;0;0;0;0;0;0;0;0;2
"42";42;0;0;0;0;0;0;0;0;1
"43";43;0;0;0;0;0;0;0;0;1
"44";44;0;0;0;0;0;0;0;0;1
"45";45;0;0;0;0;0;0;0;0;1
"46";46;0;0;0;0;0;0;0;0;1
"47";47;0;0;0;0;0;0;0;0;2
"48";48;0;0;0;0;0;0;0;0;1
"49";49;0;0;0;0;0;0;0;0;0
"50";50;0;0;0;0;0;0;0;0;1
"51";51;0;0;0;0;0;0;0;0;2
"52";52;0;0;0;0;0;0;0;0;1
"53";53;0;0;0;0;0;0;0;0;1
"54";54;0;0;0;0;0;0;0;0;1
"55";55;0;0;0;0;0;0;0;0;0
"56";56;0;0;0;0;0;0;0;0;0
"57";57;0;0;0;0;0;0;0;0;1
"58";58;0;0;0;0;0;0;0;0;0
"59";59;0;0;0;0;0;0;0;0;0
"60";60;0;0;0;0;0;0;0;0;2
"61";61;0;0;0;0;0;0;0;0;1
"62";62;0;0;0;0;0;0;0;0;1
"63";63;0;0;0;0;0;0;0;0;1
"64";64;0;0;0;0;0;0;0;0;1
"65";65;0;0;0;0;0;0;0;0;2
"66";66;0;0;0;0;0;0;0;0;1
"67";67;0;0;0;0;0;0;0;0;1
"68";68;0;0;0;0;0;0;0;0;0
"69";69;0;0;0;0;0;0;0;0;0
"70";70;0;0;0;0;0;0;0;0;1
"71";71;0;0;0;0;0;0;0;0;0
"72";72;0;0;0;0;0;0;0;0;0
"73";73;0;0;0;0;0;0;0;0;1
"74";74;0;0;0;0;0;0;0;0;0
"75";75;0;0;0;0;0;0;0;0;1
"76";76;0;0;0;0;0;0;0;0;0
"77";77;0;0;0;0;0;0;0;0;0
"78";78;0;0;0;0;0;0;0;0;0
"79";79;0;0;0;0;0;0;0;0;0
"80";80;0;0;0;0;0;0;0;0;1
"81";81;0;0;0;0;0;0;0;0;1
"82";82;0;0;0;0;0;0;0;0;0
"83";83;0;0;0;0;0;0;0;0;1
"84";84;0;0;0;0;0;0;0;0;1
"85";85;0;0;0;0;0;0;0;0;1
"86";86;0;0;0;0;0;0;0;0;1
"87";87;0;0;0;0;0;0;0;0;1
"88";88;0;0;0;0;0;0;0;0;2
"89";89;0;0;0;0;0;0;0;0;1
"90";90;0;0;0;0;0;0;0;0;1
"91";91;0;0;0;0;0;0;0;0;1
"92";92;0;0;0;0;0;0;0;0;1
"93";93;0;0;0;0;0;0;0;0;1
"94";94;0;0;0;0;0;0;0;0;1
"95";95;0;0;0;0;0;0;0;0;1
"96";96;0;0;0;0;0;0;0;0;0
"97";97;0;0;0;0;0;0;0;0;0
"98";98;0;0;0;0;0;0;0;0;1
"99";99;0;0;0;0;0;0;0;0;1
"100";100;0;0;0;0;0;0;0;0;0
"101";101;0;0;0;0;0;0;0;0;0
"102";102;0;0;0;0;0;0;0;0;2
"103";103;0;0;0;0;0;0;0;0;0
"104";104;0;0;0;0;0;0;0;0;0
"105";105;0;0;0;0;0;0;0;0;0
"106";106;0;0;0;0;0;0;0;0;0
"107";107;0;0;0;0;0;0;0;0;0
"108";108;0;0;0;0;0;0;0;0;0
"109";109;0;0;0;0;0;0;0;0;1
"110";110;0;0;0;0;0;0;0;0;2
"111";111;0;0;0;0;0;0;0;0;2
"112";112;0;0;0;0;0;0;0;0;1
"113";113;0;0;0;0;0;0;0;0;1
"114";114;0;0;0;0;0;0;0;0;1
"115";115;0;0;0;0;0;0;0;0;1
"116";116;0;0;0;0;0;0;0;0;1
"117";117;0;0;0;0;0;0;0;0;1
"118";118;0;0;0;0;0;0;0;0;0
"119";119;0;0;0;0;0;0;0;0;1
"120";120;0;0;0;0;0;0;0;0;1
"121";121;0;0;0;0;0;0;0;0;1
"122";122;0;0;0;0;0;0;0;0;2
"123";123;0;0;0;0;0;0;0;0;1
"124";124;0;0;0;0;0;0;0;0;1
"125";125;0;0;0;0;0;0;0;0;1
"126";126;0;0;0;0;0;0;0;0;0
"127";127;0;0;0;0;0;0;0;0;2
"128";128;0;0;0;0;0;0;0;0;1
"129";129;0;0;0;0;0;0;0;0;1
"130";130;0;0;0;0;0;0;0;0;1
"131";131;0;0;0;0;0;0;0;0;1
"132";132;0;0;0;0;0;0;0;0;2
"133";133;0;0;0;0;0;0;0;0;1
"134";134;0;0;0;0;0;0;0;0;1
"135";135;0;0;0;0;0;0;0;0;1
"136";136;0;0;0;0;0;0;0;0;2
"137";137;0;0;0;0;0;0;0;0;1
"138";138;0;0;0;0;0;0;0;0;0
"139";139;0;0;0;0;0;0;0;0;2
"140";140;0;0;0;0;0;0;0;0;1
"141";141;0;0;0;0;0;0;0;0;1
"142";142;0;0;0;0;0;0;0;0;0
"143";143;0;0;0;0;0;0;0;0;1
"144";144;0;0;0;0;0;0;0;0;0
"145";145;0;0;0;0;0;0;0;0;1
"146";146;0;0;0;0;0;0;0;0;1
"147";147;0;0;0;0;0;0;0;0;1
"148";148;0;0;0;0;0;0;0;0;1
"149";149;0;0;0;0;0;0;0;0;1
"150";150;0;0;0;0;0;0;0;0;0
"151";151;0;0;0;0;0;0;0;0;1
"152";152;0;0;0;0;0;0;0;0;1
"153";153;0;0;0;0;0;0;0;0;2
"154";154;0;0;0;0;0;0;0;0;2
"155";155;0;0;0;0;0;0;0;0;1
"156";156;0;0;0;0;0;0;0;0;2
"157";157;0;0;0;0;0;0;0;0;2
"158";158;0;0;0;0;0;0;0;0;0
"159";159;0;0;0;0;0;0;0;0;1
"160";160;0;0;0;0;0;0;0;0;0
"161";161;0;0;0;0;0;0;0;0;1
"162";162;0;0;0;0;0;0;0;0;1
"163";163;0;0;0;0;0;0;0;0;1
"164";164;0;0;0;0;0;0;0;0;1
"165";165;0;0;0;0;0;0;0;0;2
"166";166;0;0;0;0;0;0;0;0;2
"167";167;0;0;0;0;0;0;0;0;0
"168";168;0;0;0;0;0;0;0;0;2
"169";169;0;0;0;0;0;0;0;0;1
"170";170;0;0;0;0;0;0;0;0;1
"171";171;0;0;0;0;0;0;0;0;0
"172";172;0;0;0;0;0;0;0;0;1
"173";173;0;0;0;0;0;0;0;0;1
"174";174;0;0;0;0;0;0;0;0;1
"175";175;0;0;0;0;0;0;0;0;1
"176";176;0;0;0;0;0;0;0;0;2
"177";177;0;0;0;0;0;0;0;0;2
"178";178;0;0;0;0;0;0;0;0;1
"179";179;0;0;0;0;0;0;0;0;2
"180";180;0;0;0;0;0;0;0;0;1
"181";181;0;0;0;0;0;0;0;0;1
"182";182;0;0;0;0;0;0;0;0;1
"183";183;0;0;0;0;0;0;0;0;1
"184";184;0;0;0;0;0;0;0;0;1
"185";185;0;0;0;0;0;0;0;0;1
"186";186;0;0;0;0;0;0;0;0;1
"187";187;0;0;0;0;0;0;0;0;0
"188";188;0;0;0;0;0;0;0;0;0
"189";189;0;0;0;0;0;0;0;0;0
"190";190;0;0;0;0;0;0;0;0;0
"191";191;0;0;0;0;0;0;0;0;0
"192";192;0;0;0;0;0;0;0;0;1
"193";193;0;0;0;0;0;0;0;0;0
"194";194;0;0;0;0;0;0;0;0;1
"195";195;0;0;0;0;0;0;0;0;1
"196";196;0;0;0;0;0;0;0;0;0
"197";197;0;0;0;0;0;0;0;0;1
"198";198;0;0;0;0;0;0;0;0;1
"199";199;0;0;0;0;0;0;0;0;1
"200";200;0;0;0;0;0;0;0;0;2
"201";201;0;0;0;0;0;0;0;0;2
"202";202;0;0;0;0;0;0;0;0;1
"203";203;0;0;0;0;0;0;0;0;1
"204";204;0;0;0;0;0;0;0;0;1
"205";205;0;0;0;0;0;0;0;0;1
"206";206;0;0;0;0;0;0;0;0;1
"207";207;0;0;0;0;0;0;0;0;1
"208";208;0;0;0;0;0;0;0;0;1
"209";209;0;0;0;0;0;0;0;0;1
"210";210;0;0;0;0;0;0;0;0;0
"211";211;0;0;0;0;0;0;0;0;1
"212";212;0;0;0;0;0;0;0;0;1
"213";213;0;0;0;0;0;0;0;0;1
"214";214;0;0;0;0;0;0;0;0;1
"215";215;0;0;0;0;0;0;0;0;1
"216";216;0;0;0;0;0;0;0;0;1
"217";217;0;0;0;0;0;0;0;0;1
"218";218;0;0;0;0;0;0;0;0;2
"219";219;0;0;0;0;0;0;0;0;1
"220";220;0;0;0;0;0;0;0;0;1
"221";221;0;0;0;0;0;0;0;0;2
"222";222;0;0;0;0;0;0;0;0;1
"223";223;0;0;0;0;0;0;0;0;1
"224";224;0;0;0;0;0;0;0;0;1
"225";225;0;0;0;0;0;0;0;0;1
"226";226;0;0;0;0;0;0;0;0;2
"227";227;0;0;0;0;0;0;0;0;1
"228";228;0;0;0;0;0;0;0;0;1
"229";229;0;0;0;0;0;0;0;0;1
"230";230;0;0;0;0;0;0;0;0;1
"231";231;0;0;0;0;0;0;0;0;1
"232";232;0;0;0;0;0;0;0;0;1
"233";233;0;0;0;0;0;0;0;0;1
"234";234;0;0;0;0;0;0;0;0;1
"235";235;0;0;0;0;0;0;0;0;1
"236";236;0;0;0;0;0;0;0;0;1
"237";237;0;0;0;0;0;0;0;0;1
"238";238;0;0;0;0;0;0;0;0;1
"239";239;0;0;0;0;0;0;0;0;1
"240";240;0;0;0;0;0;0;0;0;1
"241";241;0;0;0;0;0;0;0;0;1
"242";242;0;0;0;0;0;0;0;0;1
"243";243;0;0;0;0;0;0;0;0;1
"244";244;0;0;0;0;0;0;0;0;1
"245";245;0;0;0;0;0;0;0;0;1
"246";246;0;0;0;0;0;0;0;0;2
"247";247;0;0;0;0;0;0;0;0;1
"248";248;0;0;0;0;0;0;0;0;1
"249";249;0;0;0;0;0;0;0;0;1
"250";250;0;0;0;0;0;0;0;0;2
"251";251;0;0;0;0;0;0;0;0;2
"252";252;0;0;0;0;0;0;0;0;1
"253";253;0;0;0;0;0;0;0;0;1
"254";254;0;0;0;0;0;0;0;0;1
"255";255;0;0;0;0;0;0;0;0;1
"256";256;0;0;0;0;0;0;0;0;1
"257";257;0;0;0;0;0;0;0;0;0
"258";258;0;0;0;0;0;0;0;0;1
"259";259;0;0;0;0;0;0;0;0;1
"260";260;0;0;0;0;0;0;0;0;0
"261";261;0;0;0;0;0;0;0;0;0
"262";262;0;0;0;0;0;0;0;0;0
"263";263;0;0;0;0;0;0;0;0;1
"264";264;0;0;0;0;0;0;0;0;0
"265";265;0;0;0;0;0;0;0;0;0
"266";266;0;0;0;0;0;0;0;0;0
"267";267;0;0;0;0;0;0;0;0;1
"268";268;0;0;0;0;0;0;0;0;1
"269";269;0;0;0;0;0;0;0;0;0
"270";270;0;0;0;0;0;0;0;0;1
"271";271;0;0;0;0;0;0;0;0;1
"272";272;0;0;0;0;0;0;0;0;2
"273";273;0;0;0;0;0;0;0;0;1
"274";274;0;0;0;0;0;0;0;0;1
"275";275;0;0;0;0;0;0;0;0;1
"276";276;0;0;0;0;0;0;0;0;1
"277";277;0;0;0;0;0;0;0;0;1
"278";278;0;0;0;0;0;0;0;0;1
"279";279;0;0;0;0;0;0;0;0;1
"280";280;0;0;0;0;0;0;0;0;1
"281";281;0;0;0;0;0;0;0;0;0
"282";282;0;0;0;0;0;0;0;0;1
"283";283;0;0;0;0;0;0;0;0;2
"284";284;0;0;0;0;0;0;0;0;2
"285";285;0;0;0;0;0;0;0;0;2
"286";286;0;0;0;0;0;0;0;0;0
"287";287;0;0;0;0;0;0;0;0;1
"288";288;0;0;0;0;0;0;0;0;1
"289";289;0;0;0;0;0;0;0;0;1
"290";290;0;0;0;0;0;0;0;0;1
"291";291;0;0;0;0;0;0;0;0;1
"292";292;0;0;0;0;0;0;0;0;1
"293";293;0;0;0;0;0;0;0;0;1
"294";294;0;0;0;0;0;0;0;0;0
"295";295;0;0;0;0;0;0;0;0;0
"296";296;0;0;0;0;0;0;0;0;0
"297";297;0;0;0;0;0;0;0;0;1
"298";298;0;0;0;0;0;0;0;0;1
"299";299;0;0;0;0;0;0;0;0;1
"300";300;0;0;0;0;0;0;0;0;1
"301";301;0;0;0;0;0;0;0;0;1
"302";302;0;0;0;0;0;0;0;0;2
"303";303;0;0;0;0;0;0;0;0;1
"304";304;0;0;0;0;0;0;0;0;0
"305";305;0;0;0;0;0;0;0;0;0
"306";306;0;0;0;0;0;0;0;0;0
"307";307;0;0;0;0;0;0;0;0;0
"308";308;0;0;0;0;0;0;0;0;2
"309";309;0;0;0;0;0;0;0;0;1
"310";310;0;0;0;0;0;0;0;0;2
"311";311;0;0;0;0;0;0;0;0;0
"312";312;0;0;0;0;0;0;0;0;1
"313";313;0;0;0;0;0;0;0;0;1
"314";314;0;0;0;0;0;0;0;0;1
"315";315;0;0;0;0;0;0;0;0;0
"316";316;0;0;0;0;0;0;0;0;1
"317";317;0;0;0;0;0;0;0;0;0
"318";318;0;0;0;0;0;0;0;0;1
"319";319;0;0;0;0;0;0;0;0;1
"320";320;0;0;0;0;0;0;0;0;1
"321";321;0;0;0;0;0;0;0;0;1
"322";322;0;0;0;0;0;0;0;0;1
"323";323;0;0;0;0;0;0;0;0;1
"324";324;0;0;0;0;0;0;0;0;1
"325";325;0;0;0;0;0;0;0;0;1
"326";326;0;0;0;0;0;0;0;0;1
"327";327;0;0;0;0;0;0;0;0;1
"328";328;0;0;0;0;0;0;0;0;1
"329";329;0;0;0;0;0;0;0;0;1
"330";330;0;0;0;0;0;0;0;0;1
"331";331;0;0;0;0;0;0;0;0;1
"332";332;0;0;0;0;0;0;0;0;1
"333";333;0;0;0;0;0;0;0;0;1
"334";334;0;0;0;0;0;0;0;0;1
"335";335;0;0;0;0;0;0;0;0;1
"336";336;0;0;0;0;0;0;0;0;1
"337";337;0;0;0;0;0;0;0;0;1
"338";338;0;0;0;0;0;0;0;0;1
"339";339;0;0;0;0;0;0;0;0;1
"340";340;0;0;0;0;0;0;0;0;1
"341";341;0;0;0;0;0;0;0;0;1
"342";342;0;0;0;0;0;0;0;0;1
"343";343;0;0;0;0;0;0;0;0;1
"344";344;0;0;0;0;0;0;0;0;1
"345";345;0;0;0;0;0;0;0;0;1
"346";346;0;0;0;0;0;0;0;0;1
"347";347;0;0;0;0;0;0;0;0;1
"348";348;0;0;0;0;0;0;0;0;1
"349";349;0;0;0;0;0;0;0;0;1
"350";350;0;0;0;0;0;0;0;0;1
"351";351;0;0;0;0;0;0;0;0;1
"352";352;0;0;0;0;0;0;0;0;2
"353";353;0;0;0;0;0;0;0;0;1
"354";354;0;0;0;0;0;0;0;0;0
"355";355;0;0;0;0;0;0;0;0;1
"356";356;0;0;0;0;0;0;0;0;1
"357";357;0;0;0;0;0;0;0;0;0
"358";358;0;0;0;0;0;0;0;0;0
"359";359;0;0;0;0;0;0;0;0;0
"360";360;0;0;0;0;0;0;0;0;1
"361";361;0;0;0;0;0;0;0;0;1
"362";362;0;0;0;0;0;0;0;0;2
"363";363;0;0;0;0;0;0;0;0;2
"364";364;0;0;0;0;0;0;0;0;2
"365";365;0;0;0;0;0;0;0;0;0
"366";366;0;0;0;0;0;0;0;0;0
"367";367;0;0;0;0;0;0;0;0;2
"368";368;0;0;0;0;0;0;0;0;2
"369";369;0;0;0;0;0;0;0;0;2
"370";370;0;0;0;0;0;0;0;0;1
"371";371;0;0;0;0;0;0;0;0;1
"372";372;0;0;0;0;0;0;0;0;2
"373";373;0;0;0;0;0;0;0;0;1
"374";374;0;0;0;0;0;0;0;0;2
"375";375;0;0;0;0;0;0;0;0;2
"376";376;0;0;0;0;0;0;0;0;2
"377";377;0;0;0;0;0;0;0;0;2
"378";378;0;0;0;0;0;0;0;0;1
"379";379;0;0;0;0;0;0;0;0;1
"380";380;0;0;0;0;0;0;0;0;2
"381";381;0;0;0;0;0;0;0;0;2
"382";382;0;0;0;0;0;0;0;0;1
"383";383;0;0;0;0;0;0;0;0;1
"384";384;0;0;0;0;0;0;0;0;1
"385";385;0;0;0;0;0;0;0;0;2
"386";386;0;0;0;0;0;0;0;0;2
"387";387;0;0;0;0;0;0;0;0;1
"388";388;0;0;0;0;0;0;0;0;1
"389";389;0;0;0;0;0;0;0;0;1
"390";390;0;0;0;0;0;0;0;0;2
"391";391;0;0;0;0;0;0;0;0;2
"392";392;0;0;0;0;0;0;0;0;2
"393";393;0;0;0;0;0;0;0;0;0
"394";394;0;0;0;0;0;0;0;0;2
"395";395;0;0;0;0;0;0;0;0;0
"396";396;0;0;0;0;0;0;0;0;0
"397";397;0;0;0;0;0;0;0;0;2
"398";398;0;0;0;0;0;0;0;0;0
"399";399;0;0;0;0;0;0;0;0;0
"400";400;0;0;0;0;0;0;0;0;0
"401";401;0;0;0;0;0;0;0;0;1
"402";402;0;0;0;0;0;0;0;0;1
"403";403;0;0;0;0;0;0;0;0;0
"404";404;0;0;0;0;0;0;0;0;0
"405";405;0;0;0;0;0;0;0;0;0
"406";406;0;0;0;0;0;0;0;0;0
"407";407;0;0;0;0;0;0;0;0;2
"408";408;0;0;0;0;0;0;0;0;0
"409";409;0;0;0;0;0;0;0;0;0
"410";410;0;0;0;0;0;0;0;0;0
"411";411;0;0;0;0;0;0;0;0;0
"412";412;0;0;0;0;0;0;0;0;0
"413";413;0;0;0;0;0;0;0;0;0
"414";414;0;0;0;0;0;0;0;0;0
"415";415;0;0;0;0;0;0;0;0;0
"416";416;0;0;0;0;0;0;0;0;0
"417";417;0;0;0;0;0;0;0;0;0
"418";418;0;0;0;0;0;0;0;0;0
"419";419;0;0;0;0;0;0;0;0;0
"420";420;0;0;0;0;0;0;0;0;0
"421";421;0;0;0;0;0;0;0;0;0
"422";422;0;0;0;0;0;0;0;0;1
"423";423;0;0;0;0;0;0;0;0;0
"424";424;0;0;0;0;0;0;0;0;0
"425";425;0;0;0;0;0;0;0;0;0
"426";426;0;0;0;0;0;0;0;0;0
"427";427;0;0;0;0;0;0;0;0;0
"428";428;0;0;0;0;0;0;0;0;0
"429";429;0;0;0;0;0;0;0;0;0
"430";430;0;0;0;0;0;0;0;0;0
"431";431;0;0;0;0;0;0;0;0;0
"432";432;0;0;0;0;0;0;0;0;0
"433";433;0;0;0;0;0;0;0;0;0
"434";434;0;0;0;0;0;0;0;0;0
"435";435;0;0;0;0;0;0;0;0;0
"436";436;0;0;0;0;0;0;0;0;0
"437";437;0;0;0;0;0;0;0;0;0
"438";438;0;0;0;0;0;0;0;0;0
"439";439;0;0;0;0;0;0;0;0;0
"440";440;0;0;0;0;0;0;0;0;0
"441";441;0;0;0;0;0;0;0;0;0
"442";442;0;0;0;0;0;0;0;0;0
"443";443;0;0;0;0;0;0;0;0;0
"444";444;0;0;0;0;0;0;0;0;0
"445";445;0;0;0;0;0;0;0;0;0
"446";446;0;0;0;0;0;0;0;0;0
"447";447;0;0;0;0;0;0;0;0;0
"448";448;0;0;0;0;0;0;0;0;0
"449";449;0;0;0;0;0;0;0;0;0
"450";450;0;0;0;0;0;0;0;0;0
"451";451;0;0;0;0;0;0;0;0;0
"452";452;0;0;0;0;0;0;0;0;0
"453";453;0;0;0;0;0;0;0;0;0
"454";454;0;0;0;0;0;0;0;0;0
"455";455;0;0;0;0;0;0;0;0;0
"456";456;0;0;0;0;0;0;0;0;0
"457";457;0;0;0;0;0;0;0;0;0
"458";458;0;0;0;0;0;0;0;0;0
"459";459;0;0;0;0;0;0;0;0;0
"460";460;0;0;0;0;0;0;0;0;2
"461";461;0;0;0;0;0;0;0;0;2
"462";462;0;0;0;0;0;0;0;0;2
"463";463;0;0;0;0;0;0;0;0;2
"464";464;0;0;0;0;0;0;0;0;0
"465";465;0;0;0;0;0;0;0;0;2
"466";466;0;0;0;0;0;0;0;0;2
"467";467;0;0;0;0;0;0;0;0;2
"468";468;0;0;0;0;0;0;0;0;0
"469";469;0;0;0;0;0;0;0;0;2
"470";470;0;0;0;0;0;0;0;0;2
"471";471;0;0;0;0;0;0;0;0;0
"472";472;0;0;0;0;0;0;0;0;0
"473";473;0;0;0;0;0;0;0;0;2
"474";474;0;0;0;0;0;0;0;0;2
"475";475;0;0;0;0;0;0;0;0;2
"476";476;0;0;0;0;0;0;0;0;2
"477";477;0;0;0;0;0;0;0;0;2
"478";478;0;0;0;0;0;0;0;0;1
"479";479;0;0;0;0;0;0;0;0;2
"480";480;0;0;0;0;0;0;0;0;2
"481";481;0;0;0;0;0;0;0;0;2
"482";482;0;0;0;0;0;0;0;0;1
"483";483;0;0;0;0;0;0;0;0;2
"484";484;0;0;0;0;0;0;0;0;2
"485";485;0;0;0;0;0;0;0;0;2
"486";486;0;0;0;0;0;0;0;0;1
"487";487;0;0;0;0;0;0;0;0;0
"488";488;0;0;0;0;0;0;0;0;2
"489";489;0;0;0;0;0;0;0;0;2
"490";490;0;0;0;0;0;0;0;0;2
"491";491;0;0;0;0;0;0;0;0;2
"492";492;0;0;0;0;0;0;0;0;2
"493";493;0;0;0;0;0;0;0;0;2
"494";494;0;0;0;0;0;0;0;0;2
"495";495;0;0;0;0;0;0;0;0;1
"496";496;0;0;0;0;0;0;0;0;0
"497";497;0;0;0;0;0;0;0;0;2
"498";498;0;0;0;0;0;0;0;0;0
"499";499;0;0;0;0;0;0;0;0;1
"500";500;0;0;0;0;0;0;0;0;2
"501";501;0;0;0;0;0;0;0;0;1
"502";502;0;0;0;0;0;0;0;0;0
"503";503;0;0;0;0;0;0;0;0;2
"504";504;0;0;0;0;0;0;0;0;0
"505";505;0;0;0;0;0;0;0;0;1
"506";506;0;0;0;0;0;0;0;0;0
"507";507;0;0;0;0;0;0;0;0;0
"508";508;0;0;0;0;0;0;0;0;1
"509";509;0;0;0;0;0;0;0;0;0
"510";510;0;0;0;0;0;0;0;0;0
"511";511;0;0;0;0;0;0;0;0;1
"512";512;0;0;0;0;0;0;0;0;2
"513";513;0;0;0;0;0;0;0;0;0
"514";514;0;0;0;0;0;0;0;0;2
"515";515;0;0;0;0;0;0;0;0;1
"516";516;0;0;0;0;0;0;0;0;0
"517";517;0;0;0;0;0;0;0;0;2
"518";518;0;0;0;0;0;0;0;0;2
"519";519;0;0;0;0;0;0;0;0;1
"520";520;0;0;0;0;0;0;0;0;0
"521";521;0;0;0;0;0;0;0;0;1
"522";522;0;0;0;0;0;0;0;0;1
"523";523;0;0;0;0;0;0;0;0;2
"524";524;0;0;0;0;0;0;0;0;2
"525";525;0;0;0;0;0;0;0;0;2
"526";526;0;0;0;0;0;0;0;0;1
"527";527;0;0;0;0;0;0;0;0;1
"528";528;0;0;0;0;0;0;0;0;2
"529";529;0;0;0;0;0;0;0;0;2
"530";530;0;0;0;0;0;0;0;0;2
"531";531;0;0;0;0;0;0;0;0;2
"532";532;0;0;0;0;0;0;0;0;2
"533";533;0;0;0;0;0;0;0;0;1
"534";534;0;0;0;0;0;0;0;0;0
"535";535;0;0;0;0;0;0;0;0;2
"536";536;0;0;0;0;0;0;0;0;0
"537";537;0;0;0;0;0;0;0;0;1
"538";538;0;0;0;0;0;0;0;0;1
"539";539;0;0;0;0;0;0;0;0;2
"540";540;0;0;0;0;0;0;0;0;0
"541";541;0;0;0;0;0;0;0;0;2
"542";542;0;0;0;0;0;0;0;0;2
"543";543;0;0;0;0;0;0;0;0;2
"544";544;0;0;0;0;0;0;0;0;2
"545";545;0;0;0;0;0;0;0;0;2
"546";546;0;0;0;0;0;0;0;0;2
"547";547;0;0;0;0;0;0;0;0;2
"548";548;0;0;0;0;0;0;0;0;2
"549";549;0;0;0;0;0;0;0;0;2
"550";550;0;0;0;0;0;0;0;0;0
"551";551;0;0;0;0;0;0;0;0;1
"552";552;0;0;0;0;0;0;0;0;1
"553";553;0;0;0;0;0;0;0;0;2
"554";554;0;0;0;0;0;0;0;0;2
"555";555;0;0;0;0;0;0;0;0;2
"556";556;0;0;0;0;0;0;0;0;2
"557";557;0;0;0;0;0;0;0;0;1
"558";558;0;0;0;0;0;0;0;0;1
"559";559;0;0;0;0;0;0;0;0;1
"560";560;0;0;0;0;0;0;0;0;1
"561";561;0;0;0;0;0;0;0;0;2
"562";562;0;0;0;0;0;0;0;0;2
"563";563;0;0;0;0;0;0;0;0;2
"564";564;0;0;0;0;0;0;0;0;0
"565";565;0;0;0;0;0;0;0;0;0
"566";566;0;0;0;0;0;0;0;0;0
"567";567;0;0;0;0;0;0;0;0;2
"568";568;0;0;0;0;0;0;0;0;2
"569";569;0;0;0;0;0;0;0;0;0
"570";570;0;0;0;0;0;0;0;0;1
"571";571;0;0;0;0;0;0;0;0;2
"572";572;0;0;0;0;0;0;0;0;2
"573";573;0;0;0;0;0;0;0;0;1
"574";574;0;0;0;0;0;0;0;0;1
"575";575;0;0;0;0;0;0;0;0;1
"576";576;0;0;0;0;0;0;0;0;1
"577";577;0;0;0;0;0;0;0;0;1
"578";578;0;0;0;0;0;0;0;0;1
"579";579;0;0;0;0;0;0;0;0;1
"580";580;0;0;0;0;0;0;0;0;2
"581";581;0;0;0;0;0;0;0;0;2
"582";582;0;0;0;0;0;0;0;0;0
"583";583;0;0;0;0;0;0;0;0;2
"584";584;0;0;0;0;0;0;0;0;2
"585";585;0;0;0;0;0;0;0;0;1
"586";586;0;0;0;0;0;0;0;0;1
"587";587;0;0;0;0;0;0;0;0;2
"588";588;0;0;0;0;0;0;0;0;2
"589";589;0;0;0;0;0;0;0;0;1
"590";590;0;0;0;0;0;0;0;0;2
"591";591;0;0;0;0;0;0;0;0;2
"592";592;0;0;0;0;0;0;0;0;1
"593";593;0;0;0;0;0;0;0;0;2
"594";594;0;0;0;0;0;0;0;0;1
"595";595;0;0;0;0;0;0;0;0;2
"596";596;0;0;0;0;0;0;0;0;2
"597";597;0;0;0;0;0;0;0;0;2
"598";598;0;0;0;0;0;0;0;0;1
"599";599;0;0;0;0;0;0;0;0;2
"600";600;0;0;0;0;0;0;0;0;1
"601";601;0;0;0;0;0;0;0;0;1
"602";602;0;0;0;0;0;0;0;0;2
"603";603;0;0;0;0;0;0;0;0;1
"604";604;0;0;0;0;0;0;0;0;2
"605";605;0;0;0;0;0;0;0;0;2
"606";606;0;0;0;0;0;0;0;0;0
"607";607;0;0;0;0;0;0;0;0;0
"608";608;0;0;0;0;0;0;0;0;2
"609";609;0;0;0;0;0;0;0;0;1
"610";610;0;0;0;0;0;0;0;0;0
"611";611;0;0;0;0;0;0;0;0;1
"612";612;0;0;0;0;0;0;0;0;2
"613";613;0;0;0;0;0;0;0;0;0
"614";614;0;0;0;0;0;0;0;0;2
"615";615;0;0;0;0;0;0;0;0;1
"616";616;0;0;0;0;0;0;0;0;2
"617";617;0;0;0;0;0;0;0;0;1
"618";618;0;0;0;0;0;0;0;0;1
"619";619;0;0;0;0;0;0;0;0;0
"620";620;0;0;0;0;0;0;0;0;2
"621";621;0;0;0;0;0;0;0;0;2
"622";622;0;0;0;0;0;0;0;0;2
"623";623;0;0;0;0;0;0;0;0;1
"624";624;0;0;0;0;0;0;0;0;1
"625";625;0;0;0;0;0;0;0;0;0
"626";626;0;0;0;0;0;0;0;0;2
"627";627;0;0;0;0;0;0;0;0;0
"628";628;0;0;0;0;0;0;0;0;2
"629";629;0;0;0;0;0;0;0;0;1
"630";630;0;0;0;0;0;0;0;0;1
"631";631;0;0;0;0;0;0;0;0;1
"632";632;0;0;0;0;0;0;0;0;1
"633";633;0;0;0;0;0;0;0;0;1
"634";634;0;0;0;0;0;0;0;0;2
"635";635;0;0;0;0;0;0;0;0;0
"636";636;0;0;0;0;0;0;0;0;2
"637";637;0;0;0;0;0;0;0;0;0
"638";638;0;0;0;0;0;0;0;0;2
"639";639;0;0;0;0;0;0;0;0;1
"640";640;0;0;0;0;0;0;0;0;2
"641";641;0;0;0;0;0;0;0;0;2
"642";642;0;0;0;0;0;0;0;0;2
"643";643;0;0;0;0;0;0;0;0;1
"644";644;0;0;0;0;0;0;0;0;0
"645";645;0;0;0;0;0;0;0;0;0
"646";646;0;0;0;0;0;0;0;0;2
"647";647;0;0;0;0;0;0;0;0;1
"648";648;0;0;0;0;0;0;0;0;2
"649";649;0;0;0;0;0;0;0;0;2
"650";650;0;0;0;0;0;0;0;0;2
"651";651;0;0;0;0;0;0;0;0;1
"652";652;0;0;0;0;0;0;0;0;1
"653";653;0;0;0;0;0;0;0;0;1
"654";654;0;0;0;0;0;0;0;0;0
"655";655;0;0;0;0;0;0;0;0;2
"656";656;0;0;0;0;0;0;0;0;1
"657";657;0;0;0;0;0;0;0;0;2
"658";658;0;0;0;0;0;0;0;0;1
"659";659;0;0;0;0;0;0;0;0;0
"660";660;0;0;0;0;0;0;0;0;2
"661";661;0;0;0;0;0;0;0;0;2
"662";662;0;0;0;0;0;0;0;0;2
"663";663;0;0;0;0;0;0;0;0;2
"664";664;0;0;0;0;0;0;0;0;2
"665";665;0;0;0;0;0;0;0;0;2
"666";666;0;0;0;0;0;0;0;0;2
"667";667;0;0;0;0;0;0;0;0;1
"668";668;0;0;0;0;0;0;0;0;2
"669";669;0;0;0;0;0;0;0;0;2
"670";670;0;0;0;0;0;0;0;0;2
"671";671;0;0;0;0;0;0;0;0;0
"672";672;0;0;0;0;0;0;0;0;0
"673";673;0;0;0;0;0;0;0;0;1
"674";674;0;0;0;0;0;0;0;0;0
"675";675;0;0;0;0;0;0;0;0;1
"676";676;0;0;0;0;0;0;0;0;2
"677";677;0;0;0;0;0;0;0;0;2
"678";678;0;0;0;0;0;0;0;0;2
"679";679;0;0;0;0;0;0;0;0;2
"680";680;0;0;0;0;0;0;0;0;2
"681";681;0;0;0;0;0;0;0;0;2
"682";682;0;0;0;0;0;0;0;0;2
"683";683;0;0;0;0;0;0;0;0;1
"684";684;0;0;0;0;0;0;0;0;2
"685";685;0;0;0;0;0;0;0;0;1
"686";686;0;0;0;0;0;0;0;0;1
"687";687;0;0;0;0;0;0;0;0;0
"688";688;0;0;0;0;0;0;0;0;1
"689";689;0;0;0;0;0;0;0;0;2
"690";690;0;0;0;0;0;0;0;0;2
"691";691;0;0;0;0;0;0;0;0;2
"692";692;0;0;0;0;0;0;0;0;2
"693";693;0;0;0;0;0;0;0;0;2
"694";694;0;0;0;0;0;0;0;0;1
"695";695;0;0;0;0;0;0;0;0;2
"696";696;0;0;0;0;0;0;0;0;1
"697";697;0;0;0;0;0;0;0;0;2
"698";698;0;0;0;0;0;0;0;0;2
"699";699;0;0;0;0;0;0;0;0;2
"700";700;0;0;0;0;0;0;0;0;1
"701";701;0;0;0;0;0;0;0;0;2
"702";702;0;0;0;0;0;0;0;0;1
"703";703;0;0;0;0;0;0;0;0;2
"704";704;0;0;0;0;0;0;0;0;2
"705";705;0;0;0;0;0;0;0;0;2
"706";706;0;0;0;0;0;0;0;0;1
"707";707;0;0;0;0;0;0;0;0;2
"708";708;0;0;0;0;0;0;0;0;1
"709";709;0;0;0;0;0;0;0;0;2
"710";710;0;0;0;0;0;0;0;0;2
"711";711;0;0;0;0;0;0;0;0;2
"712";712;0;0;0;0;0;0;0;0;1
"713";713;0;0;0;0;0;0;0;0;2
"714";714;0;0;0;0;0;0;0;0;2
"715";715;0;0;0;0;0;0;0;0;1
"716";716;0;0;0;0;0;0;0;0;1
"717";717;0;0;0;0;0;0;0;0;2
"718";718;0;0;0;0;0;0;0;0;2
"719";719;0;0;0;0;0;0;0;0;2
"720";720;0;0;0;0;0;0;0;0;1
"721";721;0;0;0;0;0;0;0;0;2
"722";722;0;0;0;0;0;0;0;0;2
"723";723;0;0;0;0;0;0;0;0;2
"724";724;0;0;0;0;0;0;0;0;1
"725";725;0;0;0;0;0;0;0;0;1
"726";726;0;0;0;0;0;0;0;0;1
"727";727;0;0;0;0;0;0;0;0;1
"728";728;0;0;0;0;0;0;0;0;1
"729";729;0;0;0;0;0;0;0;0;2
"730";730;0;0;0;0;0;0;0;0;1
"731";731;0;0;0;0;0;0;0;0;0
"732";732;0;0;0;0;0;0;0;0;2
"733";733;0;0;0;0;0;0;0;0;2
"734";734;0;0;0;0;0;0;0;0;1
"735";735;0;0;0;0;0;0;0;0;0
"736";736;0;0;0;0;0;0;0;0;1
"737";737;0;0;0;0;0;0;0;0;2
"738";738;0;0;0;0;0;0;0;0;1
"739";739;0;0;0;0;0;0;0;0;2
"740";740;0;0;0;0;0;0;0;0;2
"741";741;0;0;0;0;0;0;0;0;2
"742";742;0;0;0;0;0;0;0;0;2
"743";743;0;0;0;0;0;0;0;0;2
"744";744;0;0;0;0;0;0;0;0;2
"745";745;0;0;0;0;0;0;0;0;2
"746";746;0;0;0;0;0;0;0;0;2
"747";747;0;0;0;0;0;0;0;0;1
"748";748;0;0;0;0;0;0;0;0;2
"749";749;0;0;0;0;0;0;0;0;2
"750";750;0;0;0;0;0;0;0;0;1
"751";751;0;0;0;0;0;0;0;0;2
"752";752;0;0;0;0;0;0;0;0;2
"753";753;0;0;0;0;0;0;0;0;0
"754";754;0;0;0;0;0;0;0;0;0
"755";755;0;0;0;0;0;0;0;0;2
"756";756;0;0;0;0;0;0;0;0;2
"757";757;0;0;0;0;0;0;0;0;0
"758";758;0;0;0;0;0;0;0;0;2
"759";759;0;0;0;0;0;0;0;0;1
"760";760;0;0;0;0;0;0;0;0;2
"761";761;0;0;0;0;0;0;0;0;2
"762";762;0;0;0;0;0;0;0;0;2
"763";763;0;0;0;0;0;0;0;0;1
"764";764;0;0;0;0;0;0;0;0;1
"765";765;0;0;0;0;0;0;0;0;1
"766";766;0;0;0;0;0;0;0;0;2
"767";767;0;0;0;0;0;0;0;0;2
"768";768;0;0;0;0;0;0;0;0;1
"769";769;0;0;0;0;0;0;0;0;2
"770";770;0;0;0;0;0;0;0;0;2
"771";771;0;0;0;0;0;0;0;0;2
"772";772;0;0;0;0;0;0;0;0;2
"773";773;0;0;0;0;0;0;0;0;2
"774";774;0;0;0;0;0;0;0;0;2
"775";775;0;0;0;0;0;0;0;0;1
"776";776;0;0;0;0;0;0;0;0;1
"777";777;0;0;0;0;0;0;0;0;2
"778";778;0;0;0;0;0;0;0;0;1
"779";779;0;0;0;0;0;0;0;0;2
"780";780;0;0;0;0;0;0;0;0;0
"781";781;0;0;0;0;0;0;0;0;2
"782";782;0;0;0;0;0;0;0;0;1
"783";783;0;0;0;0;0;0;0;0;2
"784";784;0;0;0;0;0;0;0;0;1
"785";785;0;0;0;0;0;0;0;0;1
"786";786;0;0;0;0;0;0;0;0;2
"787";787;0;0;0;0;0;0;0;0;2
"788";788;0;0;0;0;0;0;0;0;2
"789";789;0;0;0;0;0;0;0;0;1
"790";790;0;0;0;0;0;0;0;0;2
"791";791;0;0;0;0;0;0;0;0;2
"792";792;0;0;0;0;0;0;0;0;2
"793";793;0;0;0;0;0;0;0;0;2
"794";794;0;0;0;0;0;0;0;0;2
"795";795;0;0;0;0;0;0;0;0;2
"796";796;0;0;0;0;0;0;0;0;2
"797";797;0;0;0;0;0;0;0;0;0
"798";798;0;0;0;0;0;0;0;0;1
"799";799;0;0;0;0;0;0;0;0;2
"800";800;0;0;0;0;0;0;0;0;0
"801";801;0;0;0;0;0;0;0;0;2
"802";802;0;0;0;0;0;0;0;0;2
"803";803;0;0;0;0;0;0;0;0;2
"804";804;0;0;0;0;0;0;0;0;2
"805";805;0;0;0;0;0;0;0;0;2
"806";806;0;0;0;0;0;0;0;0;2
"807";807;0;0;0;0;0;0;0;0;2
"808";808;0;0;0;0;0;0;0;0;0
"809";809;0;0;0;0;0;0;0;0;1
"810";810;0;0;0;0;0;0;0;0;2
"811";811;0;0;0;0;0;0;0;0;2
"812";812;0;0;0;0;0;0;0;0;2
"813";813;0;0;0;0;0;0;0;0;2
"814";814;0;0;0;0;0;0;0;0;1
"815";815;0;0;0;0;0;0;0;0;0
"816";816;0;0;0;0;0;0;0;0;0
"817";817;0;0;0;0;0;0;0;0;1
"818";818;0;0;0;0;0;0;0;0;2
"819";819;0;0;0;0;0;0;0;0;2
"820";820;0;0;0;0;0;0;0;0;0
"821";821;0;0;0;0;0;0;0;0;2
"822";822;0;0;0;0;0;0;0;0;2
"823";823;0;0;0;0;0;0;0;0;1
"824";824;0;0;0;0;0;0;0;0;2
"825";825;0;0;0;0;0;0;0;0;2
"826";826;0;0;0;0;0;0;0;0;2
"827";827;0;0;0;0;0;0;0;0;2
"828";828;0;0;0;0;0;0;0;0;2
"829";829;0;0;0;0;0;0;0;0;2
"830";830;0;0;0;0;0;0;0;0;2
"831";831;0;0;0;0;0;0;0;0;2
"832";832;0;0;0;0;0;0;0;0;2
"833";833;0;0;0;0;0;0;0;0;2
"834";834;0;0;0;0;0;0;0;0;2
"835";835;0;0;0;0;0;0;0;0;2
"836";836;0;0;0;0;0;0;0;0;2
"837";837;0;0;0;0;0;0;0;0;0
"838";838;0;0;0;0;0;0;0;0;0
"839";839;0;0;0;0;0;0;0;0;2
"840";840;0;0;0;0;0;0;0;0;2
"841";841;0;0;0;0;0;0;0;0;2
"842";842;0;0;0;0;0;0;0;0;1
"843";843;0;0;0;0;0;0;0;0;2
"844";844;0;0;0;0;0;0;0;0;2
"845";845;0;0;0;0;0;0;0;0;2
"846";846;0;0;0;0;0;0;0;0;2
"847";847;0;0;0;0;0;0;0;0;2
"848";848;0;0;0;0;0;0;0;0;2
"849";849;0;0;0;0;0;0;0;0;2
"850";850;0;0;0;0;0;0;0;0;2
"851";851;0;0;0;0;0;0;0;0;2
"852";852;0;0;0;0;0;0;0;0;2
"853";853;0;0;0;0;0;0;0;0;1
"854";854;0;0;0;0;0;0;0;0;1
"855";855;0;0;0;0;0;0;0;0;2
"856";856;0;0;0;0;0;0;0;0;2
"857";857;0;0;0;0;0;0;0;0;2
"858";858;0;0;0;0;0;0;0;0;2
"859";859;0;0;0;0;0;0;0;0;2
"860";860;0;0;0;0;0;0;0;0;2
"861";861;0;0;0;0;0;0;0;0;2
